<?xml version="1.0" encoding="UTF-8" standalone="no"?>
<!DOCTYPE svg PUBLIC "-//W3C//DTD SVG 20010904//EN"
              "http://www.w3.org/TR/2001/REC-SVG-20010904/DTD/svg10.dtd">

<svg xmlns="http://www.w3.org/2000/svg"
     width="45.3333in" height="34in"
     viewBox="0 0 3264 2448">
  <path id="Unnamed"
        fill="none" stroke="black" stroke-width="1"
        d="M 1057.33,976.00
           C 1057.33,976.00 1244.00,909.33 1244.00,909.33
             1244.00,909.33 1571.33,794.00 1571.33,794.00
             1571.33,794.00 1436.67,965.33 1436.67,965.33
             1436.67,965.33 1458.67,1512.00 1458.67,1512.00
             1458.67,1512.00 1306.67,1628.67 1306.67,1628.67
             1306.67,1628.67 1354.00,1634.00 1354.00,1634.00
             1354.00,1634.00 1342.00,1670.67 1342.00,1670.67
             1342.00,1670.67 1411.33,1632.00 1411.33,1632.00
             1411.33,1632.00 1702.00,872.67 1702.00,872.67
             1702.00,872.67 1815.00,789.33 1815.00,789.33
             1815.00,789.33 1772.67,1153.67 1772.67,1153.67
             1772.67,1153.67 1778.67,850.00 1778.67,850.00
             1778.67,850.00 2097.00,681.33 2097.00,681.33
             2097.00,681.33 2384.67,812.00 2384.67,812.00
             2384.67,812.00 2095.33,1244.33 2095.33,1244.33
             2095.33,1244.33 1850.00,1566.67 1850.00,1566.67
             1850.00,1566.67 1845.67,1697.33 1845.67,1697.33
             1845.67,1697.33 2197.33,1691.33 2197.33,1691.33
             2197.33,1691.33 2741.00,835.67 2741.00,835.67
             2741.00,835.67 2846.33,745.00 2846.33,745.00
             2846.33,745.00 2912.67,925.67 2912.67,925.67
             2912.67,925.67 3020.00,1680.00 3020.00,1680.00" />
</svg>
