<?xml version="1.0" encoding="UTF-8" standalone="no"?>
<!DOCTYPE svg PUBLIC "-//W3C//DTD SVG 20010904//EN"
              "http://www.w3.org/TR/2001/REC-SVG-20010904/DTD/svg10.dtd">

<svg xmlns="http://www.w3.org/2000/svg"
     width="45.3333in" height="34in"
     viewBox="0 0 3264 2448">
  <path id="Unnamed"
        fill="none" stroke="black" stroke-width="1"
        d="M 58.00,585.00
           C 58.00,585.00 367.00,508.00 367.00,508.00
             367.00,508.00 767.50,421.50 767.50,421.50
             767.50,421.50 678.50,613.00 678.50,613.00
             678.50,613.00 726.00,1375.33 726.00,1375.33
             726.00,1375.33 758.33,1547.67 758.33,1547.67
             758.33,1547.67 840.67,1550.67 840.67,1550.67
             840.67,1550.67 822.67,1606.33 822.67,1606.33
             822.67,1606.33 927.33,1547.33 927.33,1547.33
             927.33,1547.33 967.33,536.33 967.33,536.33
             967.33,536.33 1100.67,451.00 1100.67,451.00
             1100.67,451.00 1282.00,891.33 1282.00,891.33
             1282.00,891.33 1284.33,479.67 1284.33,479.67
             1284.33,479.67 1695.00,301.67 1695.00,301.67
             1695.00,301.67 2035.67,507.67 2035.67,507.67
             2035.67,507.67 1681.33,1022.33 1681.33,1022.33
             1681.33,1022.33 1535.00,1428.00 1535.00,1428.00
             1535.00,1428.00 1633.00,1610.67 1633.00,1610.67
             1633.00,1610.67 2081.33,1578.67 2081.33,1578.67
             2081.33,1578.67 2156.33,606.33 2156.33,606.33
             2156.33,606.33 2246.33,521.33 2246.33,521.33
             2246.33,521.33 2442.00,706.00 2442.00,706.00
             2442.00,706.00 2721.67,1519.67 2721.67,1519.67" />
</svg>
