<?xml version="1.0" encoding="UTF-8" standalone="no"?>
<!DOCTYPE svg PUBLIC "-//W3C//DTD SVG 20010904//EN"
              "http://www.w3.org/TR/2001/REC-SVG-20010904/DTD/svg10.dtd">

<svg xmlns="http://www.w3.org/2000/svg"
     width="45.3333in" height="34in"
     viewBox="0 0 3264 2448">
  <path id="Unnamed"
        fill="none" stroke="black" stroke-width="1"
        d="M 68.00,876.00
           C 68.00,876.00 140.67,630.00 140.67,630.00
             140.67,630.00 584.00,532.00 584.00,532.00
             584.00,532.00 470.67,726.67 470.67,726.67
             470.67,726.67 536.67,1542.00 536.67,1542.00
             536.67,1542.00 530.00,1738.00 530.00,1738.00
             530.00,1738.00 616.67,1734.00 616.67,1734.00
             616.67,1734.00 597.33,1799.33 597.33,1799.33
             597.33,1799.33 718.00,1726.00 718.00,1726.00
             718.00,1726.00 796.00,646.67 796.00,646.67
             796.00,646.67 938.00,556.00 938.00,556.00
             938.00,556.00 1121.33,996.67 1121.33,996.67
             1121.33,996.67 1108.67,559.33 1108.67,559.33
             1108.67,559.33 1542.67,363.33 1542.67,363.33
             1542.67,363.33 1910.00,571.33 1910.00,571.33
             1910.00,571.33 1555.33,1123.33 1555.33,1123.33
             1555.33,1123.33 1397.33,1567.33 1397.33,1567.33
             1397.33,1567.33 1504.00,1764.00 1504.00,1764.00
             1504.00,1764.00 2000.00,1708.67 2000.00,1708.67
             2000.00,1708.67 2048.00,684.67 2048.00,684.67
             2048.00,684.67 2134.00,595.33 2134.00,595.33
             2134.00,595.33 2346.67,770.00 2346.67,770.00
             2346.67,770.00 2684.67,1614.67 2684.67,1614.67" />
</svg>
