<?xml version="1.0" encoding="UTF-8" standalone="no"?>
<!DOCTYPE svg PUBLIC "-//W3C//DTD SVG 20010904//EN"
              "http://www.w3.org/TR/2001/REC-SVG-20010904/DTD/svg10.dtd">

<svg xmlns="http://www.w3.org/2000/svg"
     width="45.3333in" height="34in"
     viewBox="0 0 3264 2448">
  <path id="Unnamed"
        fill="none" stroke="black" stroke-width="1"
        d="M 487.33,837.33
           C 487.33,837.33 723.33,774.00 723.33,774.00
             723.33,774.00 1019.67,670.33 1019.67,670.33
             1019.67,670.33 954.67,847.33 954.67,847.33
             954.67,847.33 996.33,1436.00 996.33,1436.00
             996.33,1436.00 1033.33,1567.33 1033.33,1567.33
             1033.33,1567.33 1086.33,1568.00 1086.33,1568.00
             1086.33,1568.00 1075.33,1608.00 1075.33,1608.00
             1075.33,1608.00 1148.33,1565.67 1148.33,1565.67
             1148.33,1565.67 1176.50,760.50 1176.50,760.50
             1176.50,760.50 1281.00,682.50 1281.00,682.50
             1281.00,682.50 1412.50,1064.00 1412.50,1064.00
             1412.50,1064.00 1412.50,750.50 1412.50,750.50
             1412.50,750.50 1728.00,601.50 1728.00,601.50
             1728.00,601.50 2000.00,751.00 2000.00,751.00
             2000.00,751.00 1724.00,1155.00 1724.00,1155.00
             1724.00,1155.00 1592.00,1480.00 1592.00,1480.00
             1592.00,1480.00 1651.00,1612.00 1651.00,1612.00
             1651.00,1612.00 1987.00,1589.50 1987.00,1589.50
             1987.00,1589.50 2156.50,784.00 2156.50,784.00
             2156.50,784.00 2234.50,706.50 2234.50,706.50
             2234.50,706.50 2369.00,876.00 2369.00,876.00
             2369.00,876.00 2400.00,1525.00 2400.00,1525.00" />
</svg>
