<?xml version="1.0" encoding="UTF-8" standalone="no"?>
<!DOCTYPE svg PUBLIC "-//W3C//DTD SVG 20010904//EN"
              "http://www.w3.org/TR/2001/REC-SVG-20010904/DTD/svg10.dtd">

<svg xmlns="http://www.w3.org/2000/svg"
     width="45.3333in" height="34in"
     viewBox="0 0 3264 2448">
  <path id="Unnamed"
        fill="none" stroke="black" stroke-width="1"
        d="M 200.67,790.67
           C 200.67,790.67 460.67,717.33 460.67,717.33
             460.67,717.33 872.33,617.67 872.33,617.67
             872.33,617.67 712.00,799.00 712.00,799.00
             712.00,799.00 735.00,1470.00 735.00,1470.00
             735.00,1470.00 558.33,1625.00 558.33,1625.00
             558.33,1625.00 623.67,1626.33 623.67,1626.33
             623.67,1626.33 606.00,1675.00 606.00,1675.00
             606.00,1675.00 704.67,1625.00 704.67,1625.00
             704.67,1625.00 1035.33,717.33 1035.33,717.33
             1035.33,717.33 1140.33,629.00 1140.33,629.00
             1140.33,629.00 1159.00,1038.00 1159.00,1038.00
             1159.00,1038.00 1168.67,671.00 1168.67,671.00
             1168.67,671.00 1550.00,493.33 1550.00,493.33
             1550.00,493.33 1875.00,669.00 1875.00,669.00
             1875.00,669.00 1538.67,1154.33 1538.67,1154.33
             1538.67,1154.33 1274.67,1530.33 1274.67,1530.33
             1274.67,1530.33 1289.00,1695.67 1289.00,1695.67
             1289.00,1695.67 1715.33,1674.67 1715.33,1674.67
             1715.33,1674.67 2166.67,743.67 2166.67,743.67
             2166.67,743.67 2267.00,653.67 2267.00,653.67
             2267.00,653.67 2374.00,834.00 2374.00,834.00
             2374.00,834.00 2371.33,1608.33 2371.33,1608.33" />
</svg>
