<?xml version="1.0" encoding="UTF-8" standalone="no"?>
<!DOCTYPE svg PUBLIC "-//W3C//DTD SVG 20010904//EN"
              "http://www.w3.org/TR/2001/REC-SVG-20010904/DTD/svg10.dtd">

<svg xmlns="http://www.w3.org/2000/svg"
     width="45.3333in" height="34in"
     viewBox="0 0 3264 2448">
  <path id="Unnamed #1"
        fill="none" stroke="black" stroke-width="1"
        d="M 97.00,322.00
           C 97.00,322.00 16.00,1274.50 16.00,1274.50
             16.00,1274.50 264.50,427.50 264.50,427.50
             264.50,427.50 373.00,340.50 373.00,340.50
             373.00,340.50 356.50,753.50 356.50,753.50
             356.50,753.50 354.00,407.50 354.00,407.50
             354.00,407.50 719.00,254.00 719.00,254.00
             719.00,254.00 1030.00,430.00 1030.00,430.00
             1030.00,430.00 731.00,866.00 731.00,866.00
             731.00,866.00 454.00,1207.00 454.00,1207.00
             454.00,1207.00 452.50,1345.50 452.50,1345.50
             452.50,1345.50 838.00,1318.50 838.00,1318.50
             838.00,1318.50 1362.00,493.00 1362.00,493.00
             1362.00,493.00 1459.50,408.50 1459.50,408.50
             1459.50,408.50 1511.00,589.50 1511.00,589.50
             1511.00,589.50 1476.50,1259.00 1476.50,1259.00
             1476.50,1259.00 271.50,1014.00 271.50,1014.00
             271.50,1014.00 184.00,1120.00 184.00,1120.00
             184.00,1120.00 522.00,1346.50 522.00,1346.50
             522.00,1346.50 588.50,1430.50 588.50,1430.50
             588.50,1430.50 474.00,1467.50 474.00,1467.50
             474.00,1467.50 1352.00,1618.50 1352.00,1618.50
             1352.00,1618.50 1613.00,1513.50 1613.00,1513.50
             1613.00,1513.50 1671.50,1561.50 1671.50,1561.50" />
</svg>
