<?xml version="1.0" encoding="UTF-8" standalone="no"?>
<!DOCTYPE svg PUBLIC "-//W3C//DTD SVG 20010904//EN"
              "http://www.w3.org/TR/2001/REC-SVG-20010904/DTD/svg10.dtd">

<svg xmlns="http://www.w3.org/2000/svg"
     width="45.3333in" height="34in"
     viewBox="0 0 3264 2448">
  <path id="Unnamed"
        fill="none" stroke="black" stroke-width="1"
        d="M 1571.33,794.00
           C 1571.33,794.00 1488.00,1618.33 1488.00,1618.33
             1488.00,1618.33 1702.00,872.67 1702.00,872.67
             1702.00,872.67 1792.25,788.25 1792.25,788.25
             1792.25,788.25 1772.67,1153.67 1772.67,1153.67
             1772.67,1153.67 1778.67,850.00 1778.67,850.00
             1778.67,850.00 2097.00,681.33 2097.00,681.33
             2097.00,681.33 2391.67,812.67 2391.67,812.67
             2391.67,812.67 2095.33,1244.33 2095.33,1244.33
             2095.33,1244.33 1850.00,1566.67 1850.00,1566.67
             1850.00,1566.67 1845.67,1697.33 1845.67,1697.33
             1845.67,1697.33 2197.33,1691.33 2197.33,1691.33
             2197.33,1691.33 2741.00,835.67 2741.00,835.67
             2741.00,835.67 2846.33,745.00 2846.33,745.00
             2846.33,745.00 2912.67,925.67 2912.67,925.67
             2912.67,925.67 2890.00,1654.50 2890.00,1654.50
             2890.00,1654.50 1715.00,1407.00 1715.00,1407.00
             1715.00,1407.00 1639.00,1500.50 1639.00,1500.50
             1639.00,1500.50 1915.33,1717.33 1915.33,1717.33
             1915.33,1717.33 1984.00,1805.33 1984.00,1805.33
             1984.00,1805.33 1883.33,1841.33 1883.33,1841.33
             1883.33,1841.33 2789.67,2082.33 2789.67,2082.33
             2789.67,2082.33 3092.00,1974.50 3092.00,1974.50
             3092.00,1974.50 3181.00,2045.00 3181.00,2045.00" />
</svg>
