<?xml version="1.0" encoding="UTF-8" standalone="no"?>
<!DOCTYPE svg PUBLIC "-//W3C//DTD SVG 20010904//EN"
              "http://www.w3.org/TR/2001/REC-SVG-20010904/DTD/svg10.dtd">

<svg xmlns="http://www.w3.org/2000/svg"
     width="45.3333in" height="34in"
     viewBox="0 0 3264 2448">
  <path id="Unnamed #1"
        fill="none" stroke="black" stroke-width="1"
        d="M 630.50,953.00
           C 630.50,953.00 812.50,897.50 812.50,897.50
             812.50,897.50 1099.00,795.50 1099.00,795.50
             1099.00,795.50 1005.00,955.50 1005.00,955.50
             1005.00,955.50 1027.50,1447.00 1027.50,1447.00
             1027.50,1447.00 971.00,1557.00 971.00,1557.00
             971.00,1557.00 1017.00,1559.50 1017.00,1559.50
             1017.00,1559.50 1007.00,1590.00 1007.00,1590.00
             1007.00,1590.00 1067.00,1557.00 1067.00,1557.00
             1067.00,1557.00 1225.50,873.50 1225.50,873.50
             1225.50,873.50 1303.00,801.00 1303.00,801.00
             1303.00,801.00 1347.75,1142.50 1347.75,1142.50
             1347.75,1142.50 1358.50,880.50 1358.50,880.50
             1358.50,880.50 1624.00,752.75 1624.00,752.75
             1624.00,752.75 1861.75,874.75 1861.75,874.75
             1861.75,874.75 1621.00,1223.75 1621.00,1223.75
             1621.00,1223.75 1445.50,1496.50 1445.50,1496.50
             1445.50,1496.50 1461.25,1604.25 1461.25,1604.25
             1461.25,1604.25 1746.25,1589.50 1746.25,1589.50
             1746.25,1589.50 2097.00,887.75 2097.00,887.75
             2097.00,887.75 2177.00,814.50 2177.00,814.50
             2177.00,814.50 2240.50,974.25 2240.50,974.25
             2240.50,974.25 2223.25,1547.75 2223.25,1547.75
             2223.25,1547.75 1682.25,1404.00 1682.25,1404.00
             1682.25,1404.00 1638.25,1469.00 1638.25,1469.00
             1638.25,1469.00 1462.50,1868.25 1462.50,1868.25
             1462.50,1868.25 1555.00,1870.50 1555.00,1870.50" />
</svg>
