<?xml version="1.0" encoding="UTF-8" standalone="no"?>
<!DOCTYPE svg PUBLIC "-//W3C//DTD SVG 20010904//EN"
              "http://www.w3.org/TR/2001/REC-SVG-20010904/DTD/svg10.dtd">

<svg xmlns="http://www.w3.org/2000/svg"
     width="45.3333in" height="34in"
     viewBox="0 0 3264 2448">
  <path id="Unnamed"
        fill="none" stroke="black" stroke-width="1"
        d="M 146.50,1723.50
           C 146.50,1723.50 81.00,1545.50 81.00,1545.50
             81.00,1545.50 1452.50,1836.00 1452.50,1836.00
             1452.50,1836.00 1691.33,1652.00 1691.33,1652.00
             1691.33,1652.00 1800.00,1568.00 1800.00,1568.00
             1800.00,1568.00 1997.00,1890.67 1997.00,1890.67
             1997.00,1890.67 2853.00,2219.00 2853.00,2219.00
             2853.00,2219.00 2657.00,2290.00 2657.00,2290.00
             2657.00,2290.00 2333.00,2368.00 2333.00,2368.00
             2333.00,2368.00 1714.00,2262.00 1714.00,2262.00
             1714.00,2262.00 1426.00,2254.00 1426.00,2254.00
             1426.00,2254.00 1390.00,2338.00 1390.00,2338.00
             1390.00,2338.00 1706.00,2346.00 1706.00,2346.00" />
</svg>
